00110100000010010000000000001000
00110100000010100000000000000101
00000001010010010101100000100000
00000001010010010101100000100000
00110100000010100000000000000101
00000001010010010110000000100010
00000001010010010110000000100010
00110100000010100000000000000111
00110100000010010000000000001011
00000001010010010101100000100110
00000001100010010101100000100110
10101101100010010000000000000010
10101101011010100000000000000000
10001101011011010000000000000000
10001101100011100000000000000010
00111100000010010000000000000001
00111100000011110000000000010001
00000001101011101100000000100100
00000001010010111100100000100100
00000001001011110010000000100101
00000001010010110010000000100101
00110110000100000000000000000001
00110110001100010000000000000001
00010010000100010000000000000010
00110110010100100000000000000001
00110110011100110000000000000001
00110110100101000000000000000001
00110110101101010000000000000001
00110110110101100000000000000001
00110110111101110000000000000001
00110110001100010000000000000001
00010110000100010000000000000100
00110110010100100000000000000001
00001000000100000000000000100100
00110110000100000000000000000010
00110110001100010000000000000010
00110110010100100000000000000010
00110110011100110000000000000010
00110110100101000000000000000010
00001100000100000000000000101001
00110110101101010000000000000010
00110110110101100000000000000010
00110110111101110000000000000010
00000011111000000000000000001000